Iter | Sampling Pol | Evaluation Pol | Best (Sampled) 
   0 -28.93 -28.61 -100000000.00 
   1 -28.70 -28.31 -28.93 
   2 -26.87 -28.52 -28.70 
   3 -27.91 -24.05 -26.87 
   4 -26.52 -25.54 -26.87 
   5 -26.52 -21.51 -26.52 
   6 -26.87 -24.99 -26.52 
   7 -25.54 -22.86 -26.52 
   8 -26.16 -25.69 -25.54 
   9 -24.94 -27.22 -25.54 
  10 -26.03 -27.25 -24.94 
  11 -23.53 -11.91 -24.94 
  12 -23.19 -15.02 -23.53 
  13 -23.99 -23.20 -23.19 
  14 -22.70 -14.46 -23.19 
  15 -20.67 -19.62 -22.70 
  16 -24.24 -12.68 -20.67 
  17 -21.80 -17.64 -20.67 
  18 -18.59 -7.05 -20.67 
  19 -16.94 -0.88 -18.59 
  20 -18.29 12.15 -16.94 
  21 -14.03 37.48 -16.94 
  22 -13.94 22.83 -14.03 
  23 -15.27  9.85 -13.94 
  24 -11.79 39.95 -13.94 
  25 -11.40 64.96 -11.79 
  26 -10.51 47.78 -11.40 
  27 -5.21 50.91 -10.51 
  28 -7.02 49.60 -5.21 
  29 74.16 35.69 -5.21 
  30 -4.48 44.23 74.16 
  31 -6.91 28.85 74.16 
  32 71.67 28.53 74.16 
  33 -6.29 36.35 74.16 
  34 -9.02 45.51 74.16 
  35 -2.48 52.02 74.16 
  36 -7.16 38.45 74.16 
  37  5.75 38.60 74.16 
  38  3.75 37.11 74.16 
  39 -0.05 33.05 74.16 
  40  5.13 54.60 74.16 
  41  4.95 26.88 74.16 
  42  0.38 28.30 74.16 
  43  5.23 39.79 74.16 
  44 14.21 45.70 74.16 
  45 10.86 78.33 74.16 
  46 15.39 878.31 74.16 
  47 16.62 123.98 74.16 
  48 26.08 74.01 74.16 
  49 20.59 125.74 74.16 
  50 72.66 111.72 74.16 
  51 20.74 129.51 74.16 
  52 24.06 133.11 74.16 
  53 26.32 133.51 74.16 
  54 32.70 123.98 74.16 
  55 131.99 153.68 74.16 
  56 37.71 140.48 131.99 
  57 33.42 148.87 131.99 
  58 33.59 171.60 131.99 
  59 42.15 195.09 131.99 
  60 59.72 214.46 131.99 
  61 58.71 216.31 131.99 
  62 60.88 205.00 131.99 
  63 64.35 219.00 131.99 
  64 69.88 221.42 131.99 
  65 79.46 203.13 131.99 
  66 137.95 209.68 131.99 
  67 194.26 205.14 137.95 
  68 80.23 209.97 194.26 
  69 78.04 206.79 194.26 
  70 80.22 191.33 194.26 
  71 106.15 193.72 194.26 
  72 106.10 193.05 194.26 
  73 81.39 197.03 194.26 
  74 92.36 196.14 194.26 
  75 88.75 209.76 194.26 
  76 177.25 214.87 194.26 
  77 129.58 204.49 194.26 
  78 92.17 208.71 194.26 
  79 75.29 210.67 194.26 
  80 102.20 199.63 194.26 
  81 116.35 198.69 194.26 
  82 95.70 191.76 194.26 
  83 101.77 196.44 194.26 
  84 182.68 205.59 194.26 
  85 158.75 207.09 194.26 
  86 169.29 190.23 194.26 
  87 177.80 194.07 194.26 
  88 148.36 216.92 194.26 
  89 102.45 212.69 194.26 
  90 225.53 181.46 194.26 
  91 205.41 210.70 225.53 
  92 186.08 202.18 225.53 
  93 147.49 203.27 225.53 
  94 85.02 191.27 225.53 
  95 242.14 204.99 225.53 
  96 143.44 195.67 242.14 
  97 83.24 193.39 242.14 
  98 175.69 198.09 242.14 
  99 121.67 209.93 242.14 
 100 143.61 206.42 242.14 
 101 155.67 187.37 242.14 
 102 186.88 183.01 242.14 
 103 149.10 192.52 242.14 
 104 82.05 199.18 242.14 
 105 274.39 202.53 242.14 
 106 166.21 190.69 274.39 
 107 79.93 193.05 274.39 
 108 206.56 187.47 274.39 
 109 90.26 182.36 274.39 
 110 150.96 207.51 274.39 
 111 143.36 191.72 274.39 
 112 177.99 172.59 274.39 
 113 81.73 183.07 274.39 
 114 207.69 183.45 274.39 
 115 158.71 185.22 274.39 
 101 86.31 190.82 -100000000.00 
 116 252.82 186.00 274.39 
 102 233.01 199.90 86.31 
 103 162.64 200.68 233.01 
 104 124.69 199.05 233.01 
 105 279.54 211.48 233.01 
 106 130.60 192.30 279.54 
 107 85.27 203.42 279.54 
 108 159.73 201.76 279.54 
 109 135.75 185.61 279.54 
 110 252.44 202.70 279.54 
 111 153.35 196.75 279.54 
 112 143.70 326.11 279.54 
 113 145.33 188.69 279.54 
 114 72.78 190.67 279.54 
 115 213.87 195.70 279.54 
 116 335.67 209.36 279.54 
 117 344.41 178.24 335.67 
 118 272.76 188.16 344.41 
 119 229.32 195.12 344.41 
 120 202.98 183.96 344.41 
 121 273.58 192.07 344.41 
 122 328.78 176.14 344.41 
 123 230.39 174.41 344.41 
 124 263.39 198.50 344.41 
 125 259.98 160.21 344.41 
 126 222.90 168.35 344.41 
 127 237.88 429.93 344.41 
 128 211.41 172.98 344.41 
 129 432.46 158.67 344.41 
 130 321.03 164.33 432.46 
 131 311.56 172.25 432.46 
 132 373.47 169.05 432.46 
 133 467.78 148.40 432.46 
 134 231.77 182.57 467.78 
 135 283.43 353.63 467.78 
 136 462.81 127.81 467.78 
 137 550.40 482.79 467.78 
 138 393.56 137.93 550.40 
 139 283.52 134.40 550.40 
 140 425.42 115.83 550.40 
 141 497.60 376.92 550.40 
 142 651.11 160.71 550.40 
 143 847.81 135.16 651.11 
 144 396.89 131.49 847.81 
 145 504.98 100.13 847.81 
 146 709.99 93.66 847.81 
 147 1077.99 102.96 847.81 
 148 473.83 103.99 1077.99 
 149 658.05 658.29 1077.99 
 150 720.13 454.87 1077.99 
 151 714.88 96.72 1077.99 
 152 735.11 97.83 1077.99 
 153 1240.79 85.32 1077.99 
 154 851.76 76.98 1240.79 
 155 1053.23 698.93 1240.79 
 156 1169.27 539.13 1240.79 
 157 1615.22 764.92 1240.79 
 158 957.12 103.77 1615.22 
 159 1575.74 499.39 1615.22 
 160 530.38 1606.47 1615.22 
 161 920.38 42.20 1615.22 
 162 1589.36 1222.31 1615.22 
 163 1709.77 1414.35 1615.22 
 164 1572.50 1423.25 1709.77 
 165 2039.18 87.98 1709.77 
 166 1718.98 861.89 2039.18 
 167 1512.76 1314.36 2039.18 
 168 1362.14 856.91 2039.18 
 169 1931.18 2011.59 2039.18 
 170 1872.30 34.27 2039.18 
 171 1477.08 1480.64 2039.18 
 172 2159.73 838.18 2039.18 
 173 1582.91 2006.94 2159.73 
 174 1751.25 1173.71 2159.73 
 175 2377.90 2262.94 2159.73 
 176 1996.94 770.00 2377.90 
 177 1991.42 2798.08 2377.90 
 178 2564.75 1576.58 2377.90 
 179 2113.10 1196.99 2564.75 
 180 2749.59 2575.92 2564.75 
 181 2164.32 1358.35 2749.59 
 182 2595.49 2178.26 2749.59 
 183 1642.40 2514.77 2749.59 
 184 1636.08 827.13 2749.59 
 185 2349.33 2406.67 2749.59 
 186 3153.75 818.19 2749.59 
 187 2269.63 2887.69 3153.75 
 188 2489.82 795.95 3153.75 
 189 2731.73 2915.08 3153.75 
 190 3323.46 3471.47 3153.75 
 191 2668.08 5744.63 3323.46 
 192 2398.05 3664.81 3323.46 
 193 1865.35 3045.68 3323.46 
 194 2755.93 3905.27 3323.46 
 195 2677.82 5163.40 3323.46 
 196 2701.71 3181.10 3323.46 
 197 2073.39 3888.17 3323.46 
 198 4091.54 3977.28 3323.46 
 199 2891.68 4810.94 4091.54 
 200 2512.29 3154.05 4091.54 
 201 2951.02 3594.22 4091.54 
 202 3630.61 4000.80 4091.54 
 203 3306.12 3156.41 4091.54 
 204 3298.57 4130.76 4091.54 
 205 3732.97 5732.42 4091.54 
 206 2988.99 4879.16 4091.54 
 207 2948.09 6329.03 4091.54 
 208 3533.38 6337.66 4091.54 
 209 3704.18 4957.64 4091.54 
 210 2889.79 5182.75 4091.54 
 211 3188.48 4884.97 4091.54 
 212 2906.66 4856.26 4091.54 
 213 3621.05 5684.67 4091.54 
 214 2738.57 5620.95 4091.54 
 215 3213.11 5423.48 4091.54 
 216 4326.99 3705.12 4091.54 
 217 3886.45 4658.15 4326.99 
 218 2311.38 5630.33 4326.99 
 219 3761.34 4862.65 4326.99 
 220 4776.35 5695.04 4326.99 
 221 3127.55 6555.04 4776.35 
 222 4280.52 5871.42 4776.35 
 223 3416.48 4260.83 4776.35 
 224 3907.79 4000.87 4776.35 
 225 3401.40 6507.14 4776.35 
 226 3898.44 5052.53 4776.35 
 227 3415.62 4894.61 4776.35 
 228 3746.02 6376.44 4776.35 
 229 4248.37 5206.02 4776.35 
 230 3984.92 6220.02 4776.35 
 231 4350.47 5072.96 4776.35 
 232 2934.95 4849.51 4776.35 
 233 3968.95 6704.53 4776.35 
 234 3504.90 7412.77 4776.35 
 235 4522.09 6573.34 4776.35 
 236 3787.17 6677.33 4776.35 
 237 4052.81 6482.10 4776.35 
 238 4298.19 5835.05 4776.35 
 239 2875.33 6545.62 4776.35 
 240 4157.92 5723.31 4776.35 
 241 3831.49 5790.79 4776.35 
 242 4516.73 5749.36 4776.35 
 243 2849.29 5786.13 4776.35 
 244 4719.72 6220.12 4776.35 
 245 2990.43 4899.55 4776.35 
 246 4199.69 4837.21 4776.35 
 247 5934.24 4731.07 4776.35 
 248 4204.06 4183.93 5934.24 
 249 4027.57 4158.50 5934.24 
 250 4190.07 6663.99 5934.24 
 251 3579.75 7386.13 5934.24 
 252 4765.83 6261.26 5934.24 
 253 5146.17 6630.37 5934.24 
 254 5335.57 6293.27 5934.24 
 255 4465.01 5875.65 5934.24 
 256 4492.24 5086.38 5934.24 
 257 4819.09 7145.82 5934.24 
 258 5313.09 5663.88 5934.24 
 259 3738.08 4102.92 5934.24 
 260 5325.19 5895.63 5934.24 
 261 3513.78 4763.25 5934.24 
 262 5387.37 5095.67 5934.24 
 263 4899.54 6192.79 5934.24 
 264 4760.54 7605.18 5934.24 
 265 5042.16 8368.75 5934.24 
 266 5234.33 7634.06 5934.24 
 267 4233.62 5121.19 5934.24 
 268 5158.46 7547.05 5934.24 
 269 6248.54 8429.76 5934.24 
 270 4575.06 8467.02 6248.54 
 271 5608.15 7627.54 6248.54 
 272 4708.72 5047.23 6248.54 
 273 4944.80 7376.86 6248.54 
 274 6067.79 6752.59 6248.54 
 275 5906.95 5772.32 6248.54 
 276 3980.65 5999.81 6248.54 
 277 5340.63 5741.68 6248.54 
 278 5191.79 4182.54 6248.54 
 279 5834.60 4280.24 6248.54 
 280 5097.92 5718.43 6248.54 
 281 6047.87 5223.13 6248.54 
 282 4565.68 5625.87 6248.54 
 283 4205.82 4355.56 6248.54 
 284 4998.42 6033.55 6248.54 
 285 5266.29 6102.55 6248.54 
 286 6022.71 6967.01 6248.54 
 287 5394.09 6112.71 6248.54 
 288 6231.07 6867.67 6248.54 
 289 5040.84 6929.22 6248.54 
 290 5994.92 8413.29 6248.54 
 291 6031.60 6925.80 6248.54 
 292 4485.33 7013.02 6248.54 
 293 4206.44 7053.73 6248.54 
 294 6159.99 7010.25 6248.54 
 295 5412.93 5826.54 6248.54 
 296 5281.14 5893.37 6248.54 
 297 5219.54 6108.82 6248.54 
 298 5148.30 6161.29 6248.54 
 299 4028.41 6077.79 6248.54 
