Iter | Sampling Pol | Evaluation Pol | Best (Sampled) 
   0 -28.94 -28.54 -100000000.00 
   1 -28.61 -27.94 -28.94 
   2 -27.21 -27.71 -28.61 
   3 -27.69 -27.93 -27.21 
   4 -27.24 -24.90 -27.21 
   5 -25.82 -24.42 -27.21 
   6 -26.77 -27.56 -25.82 
   7 -26.73 -27.50 -25.82 
   8 -27.01 -27.48 -25.82 
   9 -24.05 -24.91 -25.82 
  10 -25.18 -26.03 -24.05 
  11 -23.50 -25.00 -24.05 
  12 -24.54 -26.88 -23.50 
  13 -24.94 -20.87 -23.50 
  14 -24.22 -23.22 -23.50 
  15 -24.80 -26.71 -23.50 
  16 -24.04 -24.98 -23.50 
  17 -23.02 -23.71 -23.50 
  18 -20.44 -8.92 -23.02 
  19 -20.87 -11.61 -20.44 
  20 -21.54 -15.19 -20.44 
  21 -18.59 -15.77 -20.44 
  22 -17.66 -5.50 -18.59 
  23 -14.77  2.91 -17.66 
  24 -15.34  7.47 -14.77 
  25 -16.97 11.33 -14.77 
  26 -12.53 25.57 -14.77 
